606|135149996|202609|58
105731487|1||E310000004521||20260921||||18450.00|3321.00||||3321.00||||||||
158240202|1||E310000000890||20260910||||297232.25|53501.81||||53501.81||||||||
194393038|1||E340000000117|E310000003302|20260925||||3240.00|0.00||||0.00||||||||
475328554|1||B0100005682||20260901||||85000.00|15300.00||||15300.00||||||||
104628918|1||E310000000672||20260905||||6500.00|1170.00||||1170.00||||||780.00||
192137737|1||B0100000367||20260906||||10719.08|1929.43||||1929.43||||||||
193906873|1||B0100002013||20260906||||7146.05|1286.29||||1286.29||||||||
192137737|1||B0100000368||20260907||||7682.49|1382.85||||1382.85||||||||
192137737|1||B0100000369||20260907||||16753.81|3015.69||||3015.69||||||||
185817165|1||B0100000430||20260907||||2149.06|386.83||||386.83||||||||
193906873|1||B0100002014||20260907||||5121.66|921.90||||921.90||||||||
193906873|1||B0100002015||20260907||||11169.21|2010.46||||2010.46||||||||
180934338|1||B0100004564||20260907||||6761.71|0.00||||0.00||||||||
418806631|1||B0100005298||20260907||||8751.28|613.26||||613.26||||||||
128705852|1||B0100007099||20260907||||5817.54|233.82||||233.82||||||||
485901002|1||B0100008917||20260907||||12642.54|0.00||||0.00||||||||
00123413973|2||B1100000078||20260907||||12355.94|0.00||||0.00||||||||
194393038|1||E310000003720||20260907||||22006.66|0.00||||0.00||||||||
159088169|1||E310000004152||20260907||||5383.68|0.00||||0.00||||||||
462556743|1||E310000006990||20260907||||15944.38|2869.99||||2869.99||||||||
145547063|1||E310000005871||20260910||||38478.10|0.00||||0.00||||||||
185817165|1||B0100000431||20260914||||4146.55|746.38||||746.38||||||||
180934338|1||B0100004565||20260914||||18679.67|0.00||||0.00||||||||
418806631|1||B0100005299||20260914||||13628.88|970.99||||970.99||||||||
128705852|1||B0100007100||20260914||||10677.75|430.26||||430.26||||||||
159453843|1||B0100007688||20260914||||13556.70|2440.21||||2440.21||||||||
485901002|1||B0100008918||20260914||||21990.33|0.00||||0.00||||||||
00123413973|2||B1100000079||20260914||||21590.45|0.00||||0.00||||||||
194393038|1||E310000003721||20260914||||38527.18|0.00||||0.00||||||||
159088169|1||E310000004153||20260914||||10408.03|0.00||||0.00||||||||
462556743|1||E310000006991||20260914||||38840.87|6991.36||||6991.36||||||||
105731487|1||E310000007027||20260914||||18868.87|3396.40||||3396.40||||||||
192137737|1||B0100000370||20260920||||21026.60|3784.79||||3784.79||||||||
193906873|1||B0100002016||20260920||||14017.73|2523.19||||2523.19||||||||
185817165|1||B0100000432||20260921||||3764.38|677.59||||677.59||||||||
180934338|1||B0100004566||20260921||||4464.03|0.00||||0.00||||||||
418806631|1||B0100005300||20260921||||18768.95|1336.65||||1336.65||||||||
128705852|1||B0100007101||20260921||||5831.75|234.04||||234.04||||||||
159453843|1||B0100007689||20260921||||16881.05|3038.59||||3038.59||||||||
485901002|1||B0100008919||20260921||||17480.94|0.00||||0.00||||||||
00123413973|2||B1100000080||20260921||||15826.79|0.00||||0.00||||||||
194393038|1||E310000003722||20260921||||30591.79|0.00||||0.00||||||||
159088169|1||E310000004154||20260921||||5627.23|0.00||||0.00||||||||
462556743|1||E310000006992||20260921||||37507.55|6751.36||||6751.36||||||||
105731487|1||E310000007028||20260921||||33797.66|6083.58||||6083.58||||||||
192137737|1||B0100000371||20260923||||7910.28|1423.85||||1423.85||||||||
193906873|1||B0100002017||20260923||||5273.52|949.23||||949.23||||||||
185817165|1||B0100000433||20260928||||1306.62|235.19||||235.19||||||||
180934338|1||B0100004567||20260928||||3873.56|0.00||||0.00||||||||
418806631|1||B0100005301||20260928||||5178.54|366.76||||366.76||||||||
128705852|1||B0100007102||20260928||||3405.25|133.80||||133.80||||||||
159453843|1||B0100007690||20260928||||5192.81|934.70||||934.70||||||||
485901002|1||B0100008920||20260928||||7447.48|0.00||||0.00||||||||
00123413973|2||B1100000081||20260928||||7262.19|0.00||||0.00||||||||
194393038|1||E310000003723||20260928||||13251.28|0.00||||0.00||||||||
159088169|1||E310000004155||20260928||||3243.24|0.00||||0.00||||||||
462556743|1||E310000006993||20260928||||9721.98|1749.96||||1749.96||||||||
105731487|1||E310000007029||20260928||||7751.63|1395.29||||1395.29||||||||